layer 0

Line
0,255,229
6
174,253
174,254
162,276
158,308
166,325
192,315
221,283
252,252
290,229
291,229
305,236
309,253
292,282
266,314
235,348
214,379
204,413
217,432
232,437
265,438
300,405
339,369
367,332
399,290
434,254
462,241
470,243
484,257
484,258
483,281
463,311
439,345
412,379
378,412
376,413
345,445
312,477
296,507
297,523
306,529
316,530
341,524
362,510
390,489
416,453
450,416
478,383
509,347
540,309
556,297
564,301
577,311
589,337
585,370
566,406
544,441
517,470
494,491
470,513
446,533
428,548
428,549

layer 1

Equilateral Triangle
190,190,190
0,0,0
1
416,285
79

Hexagon
0,0,255
0,0,0
1
183,307
100
110

layer 2

Pentagram
255,0,255
0,0,0
1
274,308
121

layer 3

Right Triangle
128,255,0
0,0,0
1
226,240
344
96

layer 4

Rectangle
255,255,0
0,0,0
2
350,254
172
113

layer 5

Circle
255,0,0
0,0,0
2
254,306
82

